4 0.428125 0.53828125 0.18125 0.47890625
4 0.59921875 0.3734375 0.14609375 0.54296875
4 0.1015625 0.14609375 0.203125 0.2921875
4 0.2734375 0.09609375 0.36328125 0.15625
4 0.7328125 0.1703125 0.16015625 0.340625
4 0.9109375 0.3390625 0.178125 0.4890625
4 0.74609375 0.46875 0.14765625 0.24921875
4 0.825 0.7390625 0.35 0.28828125
4 0.484375 0.9625 0.18984375 0.075
4 0.1078125 0.9546875 0.215625 0.08984375
4 0.1203125 0.5578125 0.240625 0.528125
4 0.29609375 0.4390625 0.0796875 0.1203125
4 0.2953125 0.86875 0.12890625 0.1421875
4 0.421875 0.26484375 0.27890625 0.07265625
4 0.51171875 0.2046875 0.1078125 0.04765625