3 0.5099956060735653 0.4334503877781146 0.15426129488495235 0.1962033551898026
4 0.2843895345522293 0.9377908914905477 0.3804147287263694 0.12441821701890454
4 0.7948331726249316 0.6241764234896847 0.40440674063022614 0.22265781264254142
4 0.8360177505891752 0.39393947764621495 0.3255646440246306 0.3675067043294809
4 0.6131337207313375 0.5660861466569092 0.19777494554888228 0.15583288524403188
4 0.2753564647794092 0.6117788790957117 0.3550248850476401 0.3286169211519937
4 0.22214406460645866 0.8950726472460844 0.2900169877033599 0.16574421642972936
4 0.8311877873808997 0.8212695921075955 0.32978853571156996 0.28784647540671954
4 0.537687251374742 0.9091351472460844 0.17763516237139498 0.18172970550783135
4 0.6641569070086417 0.2562162429679171 0.1352022226762452 0.14296927088084707
4 0.22903493492157173 0.7849527586824029 0.2883726744716433 0.15167262607064966
4 0.5607485432346322 0.7071924148072818 0.11317268657189175 0.11627950585373252
4 0.7925051416869395 0.084300857232906 0.252489716626121 0.16083854781181844