4 0.5474282462971871 0.5165355985505031 0.5245324469977085 0.25145549921443316
4 0.6864024401607635 0.3868577097904299 0.2498233877271531 0.2623555960164204
4 0.7911730206141312 0.78417202956325 0.15702155793937536 0.43165594087349995
4 0.9127817957840968 0.4631849022160541 0.1579255220358334 0.20714085518980258
4 0.5087780947023257 0.7989379906302261 0.1828567061157642 0.40212401873954773
4 0.37438687053788133 0.6999288397699044 0.19695426728618087 0.3401624334486337
4 0.1525515041809718 0.5290840328828997 0.27115287385944464 0.2390453610435351
4 0.12735801453329845 0.20154938534222772 0.2359089709334031 0.4028806020665446
4 0.35054224781579846 0.1465902163315334 0.15829050436840308 0.28994426483072294
4 0.428956882124479 0.2017413246445939 0.11003092306201409 0.0959397347764936
4 0.5096250006655901 0.22721402331673404 0.14324999866881977 0.4492101805217675
4 0.672780923727604 0.13283783030193466 0.16475740349472243 0.23217721662612098
4 0.653908756746423 0.8071277405320302 0.21374303020395863 0.3857445189359396
4 0.7922212547496527 0.1374394927715254 0.12344141926229177 0.20225336729005097
4 0.8749610195672914 0.14104628180274517 0.0775834053945836 0.17855224687674204
4 0.8025567298640276 0.2640792608237022 0.11424695079743082 0.14283291549465282