4 0.49376465707318157 0.43169291599376364 0.2600726087441492 0.5197978514594019
4 0.3671451017497049 0.3011850300350674 0.2643648834215475 0.2419455868489054
4 0.7721429609509645 0.17154675406378037 0.44629136266130087 0.14675363798399585
4 0.44606723368837764 0.07431638717651226 0.2109905326232447 0.14863277435302452
4 0.7778385681378769 0.45327799513532663 0.4129987015966055 0.1727161201270883
4 0.6729852889746734 0.5932911148586733 0.3448853715585495 0.18714108441327343
4 0.49887799102838937 0.8235122232179339 0.24344488836446346 0.2650012573036008
4 0.18837150292856847 0.8675345531669807 0.37674300585713694 0.22430589366603862
4 0.13509660570403756 0.648998787338668 0.2701932114080751 0.1520024253226639
4 0.17826037939285272 0.5683567134754062 0.0965168557412186 0.10785913879807012
4 0.21552820501946557 0.48592999716062624 0.43105641003893114 0.13439000567874756
4 0.11593672330825429 0.3290408433450224 0.23187344661650858 0.16028648376465035
4 0.7899777652858582 0.3086376509795253 0.4018357085166876 0.20531043181548564
4 0.11946628851756276 0.21026356980607214 0.20471135771838495 0.11911601298564349
4 0.12437130581776831 0.12820504626712176 0.18255251482874763 0.0734489569792891
4 0.2474148749814095 0.1931970263816194 0.14508168973360736 0.11182961850553061