3 0.52734375 0.43515625 0.115625 0.17109375
4 0.17734375 0.92421875 0.3546875 0.1515625
4 0.78203125 0.69140625 0.4359375 0.1171875
4 0.86171875 0.4765625 0.2765625 0.309375
4 0.5953125 0.58828125 0.17265625 0.1140625
4 0.2578125 0.55234375 0.296875 0.26015625
4 0.13984375 0.8140625 0.2703125 0.10078125
4 0.7921875 0.9 0.38515625 0.2
4 0.440625 0.91328125 0.13828125 0.1734375
4 0.71796875 0.3 0.10703125 0.11953125
4 0.17265625 0.709375 0.27421875 0.08515625
4 0.51171875 0.71171875 0.09140625 0.0953125
4 0.89609375 0.11171875 0.2078125 0.2234375