3 0.6368446241842781 0.5890625 0.11117505357072233 0.103125
4 0.39960194845457714 0.46953125 0.22210464529089177 0.1921875
4 0.10720634821299113 0.1890625 0.21408541395857816 0.359375
4 0.3528830868489054 0.2546875 0.15409893912238157 0.1453125
4 0.3785548372526472 0.56171875 0.12438416558343128 0.14375
4 0.5587213985340074 0.7234375 0.14419783360249455 0.2046875
3 0.7826379598153677 0.88515625 0.050900026785361166 0.0515625
4 0.3965759545403618 0.74375 0.13800238068039522 0.2078125
4 0.04602080113179517 0.6671875 0.07239674593951494 0.2984375
4 0.08761441720498908 0.409375 0.0695057508107789 0.1328125
4 0.29051686931301424 0.7546875 0.11030584902377001 0.321875
4 0.6682345405784883 0.865625 0.10861488960884884 0.225
4 0.9479518993480817 0.79765625 0.10409620130383672 0.0953125
4 0.7929511590906095 0.04375 0.18902731818121907 0.0875