4 0.560617618503805 0.4128829121200558 0.5448859471822605 0.28121169023730913
4 0.4138592135091471 0.6247387109199828 0.6079663005403049 0.25607044912864935
4 0.13093751987026586 0.14179789412797847 0.2598016190519592 0.24765421174404306
4 0.09039190934064516 0.3252311323411542 0.1721627537130151 0.4182877353176916
4 0.23381459336087965 0.8021488891655798 0.36528772721932723 0.23072788502724145
4 0.4222000254821975 0.9084052355270886 0.5441914880191003 0.17198223945152086
4 0.5400546696770822 0.7651924288692789 0.29259427168436447 0.20394275310037174
4 0.8285727110196675 0.7685891408227188 0.3428545779606651 0.3692809627775004
4 0.9825372254052287 0.39982837055883913 0.034925549189542694 0.20843323821317572
4 0.9270560625212045 0.060582011581936504 0.07911212504240908 0.12116402316387301
4 0.530501010251619 0.1298437036812724 0.6047520205032381 0.2596874073625448
4 0.43348714491267487 0.29047071877786557 0.1426091406515056 0.1080394400324213
4 0.8908705697775986 0.21204373428874349 0.1742063702330853 0.16410965756743262
4 0.2679043288480913 0.4562520382559569 0.12486611306150941 0.3146875463187275
4 0.2191890650530932 0.5625962375940032 0.06982640507947586 0.1233690334984459