4 0.48448159602711877 0.807447322994274 0.3932123246568754 0.3819237283335859
4 0.8422128691097919 0.8061377904059619 0.31557426178041614 0.14246125253408265
4 0.9409342306201397 0.9477798688611848 0.10843205547083343 0.0943681444174139
4 0.9685009791499828 0.660034429166035 0.06299804170003434 0.23323974687674215
4 0.8827982354667014 0.19567246819725484 0.13950413677722223 0.2882726805217675
4 0.5358316632783682 0.16243584660559557 0.49041332655673636 0.32487169321119114
4 0.5852199463321185 0.4693155430382405 0.2821267414506252 0.2406714935570923
4 0.3775145894745142 0.3744171752572102 0.175150696047778 0.2759817587805987
4 0.2308110821594104 0.7854824611651721 0.18892486815986143 0.3979203912941561
4 0.896195120344063 0.5362656519404762 0.16574194129812553 0.4087215359079618
4 0.7424518712939936 0.5105940071302787 0.11988262100965308 0.3178420058537325
4 0.7569715790252782 0.6644366246167215 0.212903962765278 0.21995901775758925
4 0.7505806811332298 0.8934110523098185 0.2453891544446531 0.20608741529826097
4 0.11165907902527834 0.6681909429166035 0.1974244331300002 0.22611811416679295
4 0.18062205888930588 0.40837960568078185 0.1815071859797918 0.14634880093507655
4 0.17056903276940982 0.11166420784552229 0.30363806553881967 0.22332841569104459
4 0.3921804207809033 0.5681080879231927 0.17609233415618064 0.11507152985783761