4 0.1859375 0.48125 0.359375 0.3546875
4 0.215625 0.840625 0.11640625 0.31796875
4 0.0625 0.94453125 0.125 0.1109375
4 0.3671875 0.9640625 0.22578125 0.071875
4 0.81796875 0.84375 0.27578125 0.1125
4 0.84296875 0.50078125 0.3140625 0.4546875
4 0.53046875 0.56328125 0.2171875 0.2578125
4 0.61015625 0.3546875 0.2609375 0.14765625
4 0.19375 0.23046875 0.3875 0.15
4 0.48359375 0.87265625 0.39375 0.12734375
4 0.49921875 0.7203125 0.30546875 0.08984375
4 0.34921875 0.74140625 0.20234375 0.19140625
4 0.10859375 0.74765625 0.2171875 0.22265625
4 0.3046875 0.0984375 0.2078125 0.19609375
4 0.5640625 0.16328125 0.13203125 0.165625
4 0.87578125 0.1390625 0.2421875 0.278125
4 0.4203125 0.37890625 0.10078125 0.16484375