3 0.57623960744075 0.47415303396305414 0.21562354195220051 0.16213742739850953
4 0.08050769141573796 0.7247772862025494 0.09749371018452528 0.3598204275949012
4 0.34271666297065295 0.19622049414626752 0.23543332594130595 0.39244098829253504
4 0.5843812472279897 0.1465290454741274 0.39376249445597933 0.2930580909482548
4 0.4255655022779001 0.3695251421779188 0.16982519454068398 0.20716812626704134
4 0.409178722985769 0.7322433107958297 0.36063074701622816 0.3722851079202769
4 0.11999439662094007 0.7855057079437182 0.16463643657758914 0.27898858411256366
4 0.15776553932136453 0.160060801229664 0.24990607864272904 0.320121602459328
4 0.0944435758707188 0.46757786455957645 0.14429457352223157 0.17109427088084708
4 0.7515217865493542 0.3035445764121195 0.15809946828879456 0.13993517447164336
4 0.22798890714428377 0.7880034731672245 0.1678370312876824 0.3071226744716434
4 0.28063170485226624 0.4305449762904825 0.12870039462538863 0.11789654800821019
4 0.9160191131259449 0.17515088993842362 0.16796177374811022 0.22756243949875793