4 0.4953125 0.43984375 0.1796875 0.49609375
4 0.64296875 0.32421875 0.23203125 0.2109375
4 0.2390625 0.1515625 0.478125 0.08125
4 0.60234375 0.078125 0.18671875 0.15
4 0.2046875 0.43046875 0.40234375 0.1171875
4 0.290625 0.58046875 0.32109375 0.14453125
4 0.4265625 0.8265625 0.2046875 0.23828125
4 0.7765625 0.90859375 0.44609375 0.1640625
4 0.8453125 0.6953125 0.309375 0.109375
4 0.7875 0.6078125 0.08203125 0.09609375
4 0.7765625 0.52421875 0.446875 0.071875
4 0.89140625 0.378125 0.2171875 0.13125
4 0.2046875 0.28515625 0.409375 0.14921875
4 0.90390625 0.26015625 0.19140625 0.09296875
4 0.9125 0.178125 0.175 0.05078125
4 0.7796875 0.2296875 0.1296875 0.09296875