4 0.4543407883341528 0.441963223560008 0.523035649379497 0.2576873184962739
4 0.6516968246232415 0.5916218142136752 0.5816377595669115 0.23147025214129932
4 0.7955829361308042 0.08800749746591721 0.32866587226160837 0.17601499493183442
4 0.877572385193732 0.2175883748131131 0.22239445486891576 0.39497719847574847
4 0.8469648943649322 0.698248022353785 0.3060702112701357 0.21438170432948098
4 0.7371700087089816 0.8872655914392341 0.5256599825820366 0.22021458957351286
4 0.579908055818623 0.7561297418085765 0.28045569279472177 0.1890999031980126
4 0.3150619573096911 0.8381529432111912 0.3499451418576497 0.3222941982793568
4 0.04989263222423118 0.5599608072797883 0.07305236975432587 0.20195338544042354
4 0.020762444048362964 0.17647159640920382 0.037796831353666085 0.22518180718159236
4 0.381617376022532 0.14661137958669107 0.5819847520450641 0.29322275917338214
4 0.5320302161516868 0.2922672297083281 0.1356312746106063 0.09764768052176756
4 0.09474081630997129 0.35575912060970066 0.16847251834240007 0.15251698770335978
4 0.731928579242095 0.3950280944642962 0.12265521615168673 0.29597609621281207
4 0.8077529448397858 0.47663209758755426 0.06903480799670128 0.11756929508134384