3 0.59921875 0.3734375 0.09765625 0.1046875
4 0.47265625 0.60078125 0.18203125 0.21015625
4 0.18046875 0.88828125 0.36015625 0.2234375
4 0.259375 0.63515625 0.1390625 0.14453125
4 0.56328125 0.62578125 0.13671875 0.115625
4 0.728125 0.45703125 0.19765625 0.13203125
3 0.8953125 0.24453125 0.05 0.04765625
4 0.7421875 0.61796875 0.2 0.12578125
4 0.65390625 0.96484375 0.2921875 0.0703125
4 0.403125 0.9046875 0.1296875 0.0609375
4 0.75 0.721875 0.3125 0.09296875
4 0.871875 0.35625 0.21796875 0.09609375
4 0.81484375 0.06484375 0.08984375 0.12421875
4 0.05859375 0.19140625 0.1 0.18125