4 0.8179672919522005 0.534375 0.36406541609559895 0.425
4 0.7988544149662044 0.865625 0.18440290500755802 0.26875
4 0.9300805701149368 0.9859375 0.11257559471009344 0.028125
4 0.6264095385449057 0.9765625 0.24491765785015537 0.046875
4 0.18229697554601781 0.809375 0.2797770472138723 0.1625
4 0.20047376799232844 0.45078125 0.37892426266006946 0.5234375
4 0.4954439047252094 0.565625 0.2864960260260105 0.3046875
4 0.4335376259977757 0.334375 0.306779162970653 0.196875
4 0.8320760236069361 0.26953125 0.3358479527861277 0.2140625
4 0.5130380123071336 0.89453125 0.44280766823232476 0.1984375
4 0.512303722985769 0.734375 0.3410939788121382 0.1421875
4 0.6688946282050886 0.78046875 0.2557472839891055 0.2328125
4 0.8900795404603146 0.8234375 0.21984091907937078 0.2625
4 0.7809909367187635 0.1296875 0.2577802208490434 0.2140625
4 0.5020769814429742 0.14296875 0.1754381577089811 0.1953125
4 0.18720313936371685 0.115625 0.2900312787274337 0.23125
4 0.6306093180487982 0.39140625 0.14373313140062188 0.1875