3 0.3463418759328116 0.6076885057657512 0.12170785672980182 0.11707903663473154
4 0.5974825646778358 0.515939176276252 0.24446887749004845 0.22173996042459265
4 0.894961037034688 0.26690296924256146 0.20740391209045939 0.38350962008095946
4 0.6648623601526619 0.3033849445936177 0.170556533611828 0.16797315128862395
4 0.6092557114080751 0.6112892978275495 0.13898819863085593 0.15852290818602893
4 0.4124550127772192 0.7528615649017197 0.16503604547482595 0.22381371551297527
3 0.17046914813875197 0.8889341044771273 0.0569795118629981 0.05911605042954129
4 0.5752123393552342 0.7934909661903436 0.1589133794672147 0.22661116689245625
4 0.9289713507239407 0.7580093260945379 0.0889775642579064 0.3086999706013579
4 0.9194185730807927 0.49288229307785114 0.08229252965749509 0.14463747060135787
4 0.6799170854009015 0.8177683491616019 0.1431212361970166 0.33648413387576925
4 0.28813415061020986 0.8814674242421168 0.13298754942915866 0.23706515151576646
4 0.035261090380998374 0.778401638964152 0.07052218076199675 0.10992827792830404
4 0.2406594920913346 0.05019250904511154 0.19993101581733078 0.08531778154634875