5 0.540625 0.4296875 0.25390625 0.42421875
5 0.1015625 0.0859375 0.20234375 0.1234375
5 0.41796875 0.053125 0.3015625 0.10625
5 0.728125 0.25078125 0.24140625 0.14296875
5 0.54921875 0.2046875 0.2796875 0.1234375
5 0.26484375 0.134375 0.2453125 0.09453125
5 0.8328125 0.91015625 0.253125 0.1796875
5 0.8078125 0.77421875 0.18515625 0.10390625
5 0.72578125 0.384375 0.09921875 0.14140625
5 0.225 0.48359375 0.13984375 0.20625
5 0.35390625 0.43125 0.19609375 0.0703125
5 0.1203125 0.2625 0.15078125 0.14140625
5 0.278125 0.72109375 0.1375 0.125
5 0.33671875 0.83515625 0.290625 0.1296875
5 0.2171875 0.9 0.11640625 0.08984375
5 0.05078125 0.88671875 0.1015625 0.14765625
5 0.58671875 0.98828125 0.1109375 0.0234375
5 0.315625 0.646875 0.16171875 0.15
5 0.9109375 0.3734375 0.1765625 0.12109375
5 0.828125 0.10546875 0.19140625 0.09921875
5 0.6140625 0.1171875 0.1984375 0.08515625