5 0.4533879610620765 0.48496670413662 0.4593849568009073 0.2766047792176979
5 0.1039311751193778 0.9180232970779005 0.13697918874473985 0.16395340584419885
5 0.06807299835553748 0.6078494561685102 0.10493555897782544 0.3219489123370204
5 0.25661462086605774 0.28321546915415374 0.1605109471822604 0.258895533278183
5 0.2139980788480913 0.47141885267721795 0.14161710344286255 0.2991659772718286
5 0.1503101233979465 0.7716858595770768 0.10905757458692204 0.26112050649282176
5 0.9263405279488912 0.18256582182807643 0.1473189441022175 0.27134098620028235
5 0.8083283990890262 0.20774132548152444 0.11625002649368774 0.19878414772652384
5 0.3980754345683886 0.2872462244291595 0.1536557680561673 0.10730575973923262
5 0.5213145933608796 0.8203235515388322 0.22393355172143145 0.15225579545304768
5 0.46107151940692975 0.6826365909060952 0.08225697241000382 0.2091216298696164
5 0.2907590525240395 0.9226960704133326 0.15551093393541643 0.1546078591733348
5 0.7716940500769688 0.7684782280793122 0.13637898801910034 0.14916597727182862
5 0.8906052519837345 0.7080919273479636 0.1483036130615094 0.3117750714276298
5 0.9569816978152325 0.8358544630617786 0.08603660436953504 0.1251011858759707
5 0.9375447062527531 0.9784439687471167 0.1249105874944938 0.0431120625057666
5 0.6913964256675319 0.72725716436232 0.16537700725639404 0.17465690097293454
5 0.37967263103285875 0.09563542288703195 0.13434526206571756 0.18036143019392786
5 0.09821678910755957 0.17426538879807005 0.11334328130301126 0.20497960064862314
5 0.11940977594553366 0.40105971387914796 0.09793653611233469 0.21095686525911966