5 0.4020781528144308 0.4364023309598372 0.45336055624352517 0.29652967774659
5 0.058422352152477076 0.901582432157604 0.11684470430495415 0.19437852103089917
5 0.04204614309452118 0.5941317803031533 0.08409228618904235 0.3148614393936935
5 0.22234791914936913 0.26267598315297236 0.16476893713693724 0.2580249412027157
5 0.17317190281443084 0.4483987991863459 0.1478383023145836 0.2961047953411587
5 0.09869832589274138 0.7422173982364063 0.11803948635114889 0.25869332654882304
5 0.8917058488427081 0.11719530755408888 0.19979890860089 0.23439061510817777
5 0.755094106700591 0.13577937471911622 0.12137850206691461 0.19652087516934214
5 0.35839458106002786 0.25320805065668395 0.15175089867609248 0.11238489258219672
5 0.452075882964836 0.7517540140219525 0.22104886228216233 0.16121854025277607
5 0.4018661753546221 0.6250144516066236 0.08758569892376152 0.20721935775648745
5 0.22645083664610838 0.8773626028952476 0.15578773531769166 0.1655917797373263
5 0.6955754799455173 0.6774246421319707 0.13801803846084476 0.15219102103089915
5 0.8118404888368576 0.6074253233850637 0.15616022456432468 0.30745173111680746
5 0.8758408686968124 0.7225313449817898 0.10098891935425698 0.12687011646291496
5 0.8610227357364856 0.8900873371798736 0.15785534946188057 0.10958744120271575
5 0.9685250982235356 0.3389132615355617 0.02875004631872784 0.11529080732694634
5 0.619905545908952 0.6455405563108935 0.16723465756743253 0.1771024898232348
5 0.3489404600914132 0.08070668815049795 0.13620298138875012 0.1614133763009959
5 0.07529744478993225 0.17374403720055825 0.11541960049533802 0.20244332654882316
5 0.08545788709866516 0.3906482541838715 0.10172097353086733 0.20951884215265543