1 0.67578125 0.8349312324267167 0.4796875 0.28952930438149804
1 0.3671875 0.45086671733012346 0.328125 0.76059516749223
1 0.6140625 0.1504119339341214 0.290625 0.3008238678682428
1 0.88515625 0.046468161705771005 0.1921875 0.09293632341154201
1 0.81953125 0.20011096857297778 0.1203125 0.15404114474715103
1 0.90703125 0.35541059057504976 0.18125 0.10219185442427943
1 0.75859375 0.36544917825010625 0.0734375 0.07998290653397522
1 0.68828125 0.4132552855698698 0.0609375 0.08721320967712849
1 0.5609375 0.3629364160489972 0.075 0.13474318114108116
1 0.415625 0.05703867338789679 0.1609375 0.11407734677579358
1 0.10859375 0.1058796648061429 0.09375 0.19030397642635144
1 0.10859375 0.45509841480614294 0.2171875 0.1210531703877141