1 0.6137401955377979 0.8360999342459623 0.5329861479078998 0.29781699338046225
1 0.3770412266711731 0.4055639684660247 0.45929574299805986 0.8111279369320494
1 0.6889236346610559 0.16102087117575709 0.34476195081045746 0.32204174235151417
1 0.9401537740466172 0.0898562111293797 0.11969245190676574 0.14786391935425686
1 0.8858755349312084 0.24827233271716692 0.14802581614940138 0.17380998924663302
1 0.9212376268565077 0.4269581048430734 0.15752474628698465 0.12519270678164424
1 0.791922182206136 0.4036747702683889 0.08899306733052796 0.09150260339082213
1 0.7100918288480914 0.43565682444499937 0.07520338584218215 0.09866013192686936
1 0.5906845752198941 0.3551410326743857 0.09876986061443879 0.14811647642635145
1 0.504789192921091 0.03797722725492096 0.17832838584218216 0.07595445450984192
1 0.18210566106992568 0.04400040301931864 0.11733632213985135 0.08800080603863727
1 0.12795639672677342 0.3477396790741666 0.21250497840045363 0.14405402274507892