1 0.2015625 0.07265625 0.39453125 0.1453125
1 0.4984375 0.10390625 0.171875 0.20703125
1 0.1625 0.20625 0.30546875 0.12578125
1 0.09609375 0.8015625 0.1921875 0.39609375
1 0.50546875 0.72421875 0.33359375 0.5515625
1 0.76484375 0.109375 0.2953125 0.21875
1 0.9578125 0.440625 0.08125 0.88125
1 0.80546875 0.42890625 0.225 0.38984375
1 0.53671875 0.340625 0.2984375 0.23203125
1 0.12890625 0.44140625 0.253125 0.30546875
1 0.79296875 0.81796875 0.2390625 0.3640625
1 0.28046875 0.82109375 0.1234375 0.3578125
1 0.28984375 0.35390625 0.05390625 0.175
1 0.33671875 0.209375 0.04296875 0.1234375
1 0.9484375 0.94921875 0.103125 0.1015625