1 0.9265883511827818 0.7994292632081876 0.14595895725634697 0.38136018268618094
1 0.9035754936552882 0.5066877798775057 0.19284901268942356 0.18977266669318063
1 0.799476405339312 0.8407547918921413 0.14705784894328655 0.3016908640197265
1 0.1965832094958423 0.8876165366406831 0.3840215177575892 0.2122669267186339
1 0.287937899878363 0.4748069066279563 0.572476005460949 0.37851118674408735
1 0.9025891896951496 0.23090652987750562 0.19482162060970082 0.3163351666931805
1 0.56796875 0.044521611990773154 0.8640625 0.08904322398154631
1 0.5979476623713949 0.1774297305856401 0.4155260478118185 0.25638055338954285
1 0.677713472185266 0.45855191390836786 0.25811352361132156 0.323294238701453
1 0.5542911703664266 0.8654842612587761 0.33117831888905724 0.26008626137808905
1 0.2010272105759968 0.17423528930618307 0.38123286104353504 0.2700430640515431
1 0.17988100194490758 0.7026420999761374 0.3524169937534841 0.1509658000477252
1 0.6510656555357037 0.7127854279121859 0.18475679508134402 0.06777039735836254
1 0.8023918061996337 0.6703968385582777 0.12998748184962744 0.05307155068427196
1 0.07128010236113216 0.03190398066518189 0.09881020472226432 0.06380796133036377