1 0.6578125 0.8765625 0.46484375 0.246875
1 0.3703125 0.46171875 0.28984375 0.7265625
1 0.63125 0.17578125 0.27265625 0.2953125
1 0.90703125 0.07734375 0.1859375 0.1390625
1 0.83125 0.2578125 0.1125 0.14140625
1 0.9109375 0.4203125 0.17734375 0.08359375
1 0.7625 0.41484375 0.0703125 0.0734375
1 0.68984375 0.45546875 0.0546875 0.08203125
1 0.56640625 0.39296875 0.0671875 0.1265625
1 0.43984375 0.06328125 0.1546875 0.1234375
1 0.13203125 0.09140625 0.0859375 0.1828125
1 0.11015625 0.4421875 0.2203125 0.0984375