1 0.932931551088459 0.29887880313864396 0.13413689782308183 0.41414389081820957
1 0.8976736412844778 0.5875388887467858 0.20465271743104446 0.20557371960192583
1 0.839823935749515 0.23957011558742197 0.17206849527549437 0.3262457845319033
1 0.25238344473518964 0.10223254983338426 0.42351688947037924 0.2006808200972639
1 0.30182546106207647 0.490625115796819 0.5842262440943682 0.425000231593638
1 0.875802375084818 0.8419746771074411 0.24839524983036404 0.3160506457851177
1 0.5357268121426864 0.9350128548385642 0.8890129146981229 0.1299742903228715
1 0.5619395933608795 0.8365712783266502 0.42506452050323806 0.2896705454901582
1 0.6733309280297847 0.5867061730738014 0.27697425008481796 0.3373716832079957
1 0.6080630150609425 0.16949724834286095 0.34425103012188496 0.2983862659206535
1 0.19812014082114165 0.7595677067816443 0.35357146641955406 0.2972604135632887
1 0.2162971557124481 0.252647772745079 0.3760962524470707 0.18287258188408817
1 0.6811161130615094 0.34059530644841285 0.18225199400955033 0.08180657981717357
1 0.8216344748570746 0.4110983591772812 0.1301438569862416 0.06378001778268025
1 0.05919902847742239 0.8911536929279056 0.06023315027015248 0.11668238585581107