2 0.6235537709193575 0.5384670504083466 0.7108024604245925 0.25625995566033843
2 0.8217466887163247 0.3697494573096911 0.31492339439121897 0.20417800079142284
2 0.5921565225012373 0.06261159256993018 0.2313119549975255 0.09721729546028876
5 0.1320136027259054 0.8798873914619382 0.2640272054518108 0.23603575455234632
5 0.36516689733189506 0.1686784214828208 0.16280097241038013 0.12954641066226813
5 0.020366731682634302 0.17568196159934021 0.040733463365268605 0.11698892319868044
5 0.06908203414834055 0.3838414540774928 0.10758892921692806 0.2667903463973609
5 0.061827213365268606 0.27775893863808665 0.12365442673053721 0.08676787727617326
5 0.11113781659920044 0.1636342541566351 0.07940861827193717 0.14584134890464334
5 0.06900122625556739 0.20622491943775673 0.04274742198083883 0.07144910266556703
5 0.06611192164215456 0.15684704506457736 0.0592798247398008 0.05944920783841652
5 0.15563808910043764 0.21031067735531553 0.041273453188503326 0.043324102665567035
5 0.1766776074178033 0.15223976458147637 0.07819359905006032 0.06311977711788871
5 0.3762107021724505 0.6447240959351425 0.20333079715018093 0.18845004922121245
5 0.2719525701057034 0.7230643931112908 0.07406602103089917 0.1332049565847754
5 0.20432133480502448 0.7594361506331383 0.13054175033868426 0.22845527210332364
5 0.10454042006027486 0.632907091382796 0.046350456806547945 0.14019910266556704