2 0.35964279392109455 0.5641843546336764 0.7141192333704528 0.3065499462331651
2 0.1432034653087284 0.46120071153915526 0.2864069306174568 0.2244735769216895
2 0.27634377665500054 0.07515835773404834 0.23448518268618096 0.1503167154680967
5 0.888583764560823 0.737878488217685 0.20745106269890776 0.24703347353086738
5 0.5279330013128646 0.12611065819111436 0.16402723201781733 0.13881855913900915
5 0.8891710406588185 0.03819974338497143 0.09665791868236298 0.07639948676994286
5 0.8662495192950473 0.24153218114559039 0.10934082670272574 0.27057367328319837
5 0.8651966439767739 0.13070384305624913 0.16042951734563574 0.09804800992479742
5 0.7733096833227278 0.05828859233012351 0.08137836401972649 0.11657718466024702
5 0.9695012412874112 0.29294266977305083 0.017678396005727137 0.04298802067816441
5 0.8237454879853644 0.0693875074481073 0.04302384134309065 0.07383991439185815
5 0.8149431999920459 0.02583781131287687 0.06006589067472703 0.05167562262575374
5 0.741396064648319 0.10055192432116482 0.04111589600572714 0.04407963978475227
5 0.7060585486553187 0.05066324028459953 0.0773079346753633 0.06762845574818702
5 0.6271933732495494 0.587641009515022 0.2037988040260897 0.20157542431665565
5 0.7469331612428678 0.6312561147678709 0.07498291335136287 0.1362329065339754
5 0.8201615759070953 0.6458044582338955 0.1323601560311804 0.2357277923897861
5 0.8883223245942308 0.49193028743189665 0.04851132001909022 0.14280823821317573