2 0.40078125 0.15703125 0.103125 0.31328125
2 0.58125 0.3375 0.1703125 0.63125
2 0.0421875 0.3515625 0.078125 0.1859375
5 0.1734375 0.5828125 0.07734375 0.13515625
5 0.1734375 0.8390625 0.1171875 0.05859375
5 0.3796875 0.89140625 0.1984375 0.0328125
5 0.60546875 0.87734375 0.13515625 0.03203125
5 0.265625 0.92109375 0.06953125 0.15
5 0.8265625 0.8453125 0.14765625 0.17890625
5 0.17421875 0.95234375 0.12421875 0.0953125
5 0.16484375 0.8765625 0.090625 0.0375
5 0.13984375 0.76953125 0.075 0.07578125
5 0.703125 0.7921875 0.10703125 0.04453125
5 0.459375 0.60546875 0.06875 0.0625
5 0.17734375 0.4984375 0.059375 0.05
5 0.22109375 0.54453125 0.059375 0.0640625
5 0.2421875 0.621875 0.03359375 0.03828125
5 0.45390625 0.85234375 0.0671875 0.07265625
5 0.7046875 0.975 0.06328125 0.05