2 0.17134567564999367 0.6209942964262282 0.3352022226762452 0.15581223718559975
2 0.3429045966055956 0.4016182608372339 0.6858091932111912 0.27801347832553225
2 0.4092122725501768 0.951065162510389 0.20506020472226433 0.07240287650146512
5 0.6428701759445813 0.7962662800774247 0.1521261022629364 0.10305069863085592
5 0.9141320975875541 0.7563138062376978 0.07576359016268767 0.13430601581733087
5 0.9482490641154794 0.5307580493176156 0.05749537919390768 0.21635451186299798
5 0.9097870486955812 0.29488155772057256 0.04929199375348432 0.14884867688202616
5 0.951450811286809 0.6516926318271297 0.08955337939029917 0.08800401878308026
5 0.8533199218393646 0.07884462916429744 0.20726812021691715 0.15768925832859487
5 0.9860661849215717 0.7432288744127559 0.019540861239926953 0.13670150395433273
5 0.9555065313307756 0.7600953808385464 0.05058178298109546 0.10203734387822046
5 0.845123022353785 0.803646404070251 0.08957156010845857 0.09112901878308044
5 0.809555765419898 0.20445682897511083 0.05850336729005079 0.12110567885919252
5 0.6368393863241864 0.49033461505839676 0.0738920179539809 0.0811173488211363
5 0.5529946096878027 0.8053958823586023 0.059765885440423536 0.06960684585538708
5 0.5978303867169699 0.751237622967062 0.07539997579950324 0.07180601581733086
5 0.6769138987190224 0.7175536896592453 0.04398634933607006 0.042407675893442943
5 0.8994621061717613 0.4585448096977389 0.08640110831306061 0.08318918479069151