2 0.55 0.3625 0.14765625 0.66640625
2 0.40390625 0.1515625 0.1546875 0.30078125
2 0.06015625 0.36171875 0.11953125 0.209375
5 0.83203125 0.87421875 0.190625 0.2515625
5 0.1703125 0.58828125 0.10390625 0.1390625
5 0.14296875 0.953125 0.1015625 0.090625
5 0.35 0.8875 0.2484375 0.06015625
5 0.24609375 0.90390625 0.0640625 0.14375
5 0.1421875 0.83125 0.1328125 0.05390625
5 0.42109375 0.9859375 0.0390625 0.028125
5 0.1796875 0.875 0.06484375 0.0296875
5 0.13125 0.8734375 0.04921875 0.04921875
5 0.190625 0.7921875 0.03671875 0.03359375
5 0.13671875 0.76796875 0.0515625 0.06640625
5 0.62890625 0.609375 0.15703125 0.16796875
5 0.69453125 0.71484375 0.1203125 0.05078125
5 0.7234375 0.78203125 0.20859375 0.0890625
5 0.5921875 0.86953125 0.1328125 0.021875