2 0.37514654535327174 0.14183116964391634 0.131434002705271 0.2836623392878327
2 0.5802714920432708 0.3146998794658745 0.23241798408654155 0.629399758931749
2 0.03141636871417963 0.349522713068369 0.05701471069381694 0.20095457386326193
5 0.1693180000795418 0.5831010519491647 0.09235222668681727 0.15001936525911966
5 0.1920128021164492 0.8546351327122853 0.13050566000954503 0.0725762037328785
5 0.4135701761218581 0.8906196769508125 0.21150112133990878 0.0521194277582957
5 0.6514877994509491 0.8552104622608855 0.1458215773392723 0.04628643912238175
5 0.2951656214592215 0.922379965911038 0.08606586401972631 0.14678527110331813
5 0.8821559967774949 0.8011739784962352 0.1710772106938169 0.20294554220663663
5 0.19945367946367581 0.9568697885564841 0.13998974801081765 0.08211484496658059
5 0.18623551678863076 0.8953692268680868 0.10054544000636331 0.04862050649282175
5 0.15056964210690418 0.7850317447249943 0.08693747334499946 0.0874375446422686
5 0.7472355567711315 0.7566445028459643 0.11626134667409058 0.056705741882325175
5 0.47405095341340536 0.5816889618538483 0.0773806600095451 0.0716489034085667
5 0.16671916406745144 0.494065825488115 0.06629770934118144 0.0589579886359143
5 0.21725551340704205 0.5392868222417041 0.06804202267663592 0.07461026217486459
5 0.2455356020846325 0.6192782853100731 0.03799089600572696 0.0428420649348082
5 0.48881507678226743 0.8432031603117208 0.0775079293443632 0.08258640340856652
5 0.765069588796903 0.9462155174564609 0.07091248400699968 0.05278980925276535