2 0.6578125 0.43515625 0.09140625 0.18046875
2 0.359375 0.66328125 0.13359375 0.15078125
2 0.83671875 0.87734375 0.16015625 0.16484375
5 0.93125 0.9421875 0.103125 0.115625
5 0.403125 0.959375 0.18125 0.08125
5 0.903125 0.67890625 0.07265625 0.05390625
5 0.03046875 0.94375 0.0609375 0.1125
5 0.34453125 0.78671875 0.10234375 0.07265625
5 0.3234375 0.85703125 0.05234375 0.028125
5 0.50859375 0.89296875 0.0375 0.0421875
5 0.1375 0.27109375 0.17265625 0.10234375
5 0.109375 0.16328125 0.128125 0.08828125