2 0.311156669494448 0.42424328528804756 0.10661957146044046 0.18706474267981754
2 0.5994910719147256 0.6582433785805495 0.14881371551297526 0.15788632001909003
2 0.09785224954977408 0.874108567313819 0.1761950870642727 0.17382040268936266
5 0.026907822253409975 0.9361369473265458 0.05381564450681995 0.11210110534690827
5 0.5347137624400728 0.9556910905872311 0.18986808344622813 0.07716357869190774
5 0.04365382971664182 0.6717380926559551 0.07802982473980083 0.05868520401018138
5 0.9127126096811109 0.938800298536006 0.06461577792830404 0.10069089067472703
5 0.6053582123492158 0.7846604279121858 0.11026247060135788 0.07779883068109025
5 0.6219039032132472 0.8562990705760951 0.05468085594746519 0.03030566534054522
5 0.43108082937795755 0.8920927619350938 0.03979284034363299 0.04418635200509087
5 0.8538432157401179 0.25943151921550545 0.183775213703953 0.10988517202418073
5 0.8900440665992004 0.14970198321136924 0.13764384215265543 0.09373291335136283