2 0.5143477766173836 0.6798158129447589 0.2033398587069682 0.12608644154108042
2 0.33685276528585817 0.33284020988348056 0.17993153361182798 0.16442151583511766
2 0.06405459384103948 0.7874294553311341 0.12810918768207896 0.19360891066226812
5 0.0068522474913610175 0.8749007115993402 0.013704494982722035 0.12167642319868044
5 0.041039517528760824 0.3279946193586144 0.08207903505752165 0.19776756175762475
5 0.217966230648266 0.8894191673261858 0.06906301779449713 0.08628449247815269
5 0.21244035570403758 0.29558659930035475 0.09377385771838495 0.11821645407749282
5 0.14496369562792538 0.26233617860895675 0.03829317885919252 0.058858174452321686
5 0.07257540657889001 0.44560566818411546 0.050283842889637366 0.046721887305303154
5 0.7806067183653385 0.17289117768451995 0.1375185405319101 0.19596102084968256
5 0.8975541378329908 0.16299700362790967 0.1152960306460784 0.1484949874635877