2 0.815625 0.89296875 0.159375 0.14453125
2 0.378125 0.6515625 0.153125 0.2078125
2 0.66953125 0.46484375 0.13046875 0.29453125
5 0.63203125 0.96328125 0.1671875 0.059375
5 0.93125 0.94140625 0.10546875 0.1171875
5 0.51640625 0.896875 0.06484375 0.0359375
5 0.4375 0.959375 0.11875 0.08046875
5 0.26875 0.9515625 0.17109375 0.08828125
5 0.040625 0.93203125 0.07578125 0.13515625
5 0.2109375 0.71171875 0.0484375 0.11875
5 0.33203125 0.84453125 0.0578125 0.05546875
5 0.89765625 0.65625 0.0984375 0.0921875