2 0.11647506389201093 0.7879890028497917 0.16759853060296187 0.18027199430041668
2 0.380909821545006 0.35324510125493025 0.2348588052100677 0.1833983007211807
2 0.5612716794839422 0.6657963865897912 0.3215582845319034 0.16824738582729193
5 0.05659698800377875 0.5938584495631597 0.06603603060296188 0.17790810087368064
5 0.08276149751429143 0.9037419426293056 0.08678087014004517 0.12064111474138883
5 0.12163332898860409 0.4789406579600346 0.04695208271265772 0.06976829255305575
5 0.06372447559778191 0.39425783985576385 0.0934675177826803 0.13016158510611114
5 0.07752149420903175 0.22031119357923606 0.11327490363849117 0.18681162860909736
5 0.1085766333746115 0.01595165511024304 0.139028266749223 0.03190331022048608
5 0.3258112909420441 0.17777362899034693 0.1278382096771285 0.06384690729444453
5 0.1841396753501129 0.2929109325613193 0.06392125889134012 0.0654808360560418
5 0.35419984987165626 0.8880389817638885 0.10821922249741008 0.11177526101791671