2 0.1911630700712988 0.915114369544202 0.18029267912609298 0.15869320357377176
2 0.6243401909373565 0.6189543635755219 0.18129467313564335 0.23206703657757757
2 0.3160068796820964 0.4676889298105946 0.16867067676384034 0.31736786661563343
5 0.38163181344787683 0.9565020790122919 0.17685516587924913 0.06025570357377177
5 0.07657229121535823 0.9572302267682954 0.11986112141421194 0.08133752471457925
5 0.4964507707969382 0.8855118052862956 0.07027778366526398 0.046551347832553346
5 0.5798609823223508 0.9320419539937014 0.13096231252120455 0.08647069368794007
5 0.7516913423038174 0.9039766679104154 0.18463294954451293 0.10426037155854928
5 0.954699780415585 0.854357375401339 0.032653787293461176 0.13083350593149917
5 0.7977305617185962 0.6579174100017501 0.06530259618646853 0.12748301285158128
5 0.6817186374018267 0.8077502667315519 0.0661904843909035 0.06354784684397004
5 0.0936333387604383 0.6920681417873235 0.11135914065150562 0.10595552273741297