2 0.55078125 0.38984375 0.1921875 0.215625
5 0.16875 0.65546875 0.1140625 0.13828125
5 0.22578125 0.871875 0.06796875 0.025
5 0.1625 0.84765625 0.0484375 0.028125
5 0.346875 0.83984375 0.11484375 0.0359375
5 0.58359375 0.86015625 0.15859375 0.13359375
5 0.53125 0.97421875 0.084375 0.05078125
5 0.83984375 0.9703125 0.07109375 0.0234375
5 0.98671875 0.8609375 0.0265625 0.053125
5 0.8125 0.746875 0.15390625 0.05546875
5 0.56875 0.69375 0.1578125 0.1625
5 0.41484375 0.6953125 0.07890625 0.065625
5 0.17578125 0.75859375 0.10078125 0.0515625
5 0.315625 0.79609375 0.053125 0.0734375
5 0.6796875 0.45390625 0.03203125 0.0578125