2 0.4420090259307544 0.38203125 0.21137072367353404 0.2296875
5 0.8415925226320493 0.66484375 0.12614862602253182 0.146875
5 0.7731678169052036 0.8953125 0.0726933539192082 0.028125
5 0.841886724664478 0.86953125 0.052426318025830906 0.0296875
5 0.6452617772509027 0.8609375 0.12296613855894449 0.0375
5 0.39228152975818514 0.8828125 0.17288723370266404 0.1421875
5 0.4462439525611542 0.98828125 0.09130696159934022 0.0234375
5 0.1163973281879748 0.99375 0.07536371285298146 0.0125
5 0.1520322659681316 0.7625 0.1657901360516619 0.059375
5 0.4130667058598595 0.70546875 0.17379651583511765 0.1734375
5 0.5770610096999255 0.7078125 0.08642088479802065 0.0703125
5 0.8305748031151502 0.775 0.10788670783841639 0.05625
5 0.6801967183962718 0.81484375 0.058523205331134066 0.078125
5 0.30255406934597917 0.44921875 0.03619356426490725 0.0625