2 0.3817105069031541 0.5395201674533049 0.23013533360249455 0.2139192144481868
5 0.635553896104966 0.1302420320545911 0.14902960957707698 0.12942219764227278
5 0.856624326705931 0.1672950685949875 0.02935230925276535 0.07145850593149908
5 0.8288090182639445 0.10597290802458373 0.03215002678536116 0.05283583992388783
5 0.827893580359379 0.2925961575302921 0.044233015421275466 0.11890650889724856
5 0.8565605024389272 0.52875915061021 0.14507849512873605 0.17141869665368964
5 0.966958260149565 0.46570871087660254 0.04993754464226861 0.08791117688202607
5 0.9748120758984473 0.7761050414089502 0.023156856330665932 0.07432883794672147
5 0.872920519081314 0.9332728956672941 0.056686376623205345 0.027292011862998324
5 0.7516336745184755 0.7703656718647481 0.06681712743398442 0.16042284684397004
5 0.6886872098252534 0.5301346027011069 0.17479326866768635 0.17419086958138302
5 0.6851509269508123 0.3749205206858846 0.07175799756436803 0.08567751482874764
5 0.7409953725660157 0.12750700981146965 0.05963982710967279 0.10704317885919248
5 0.7830992775994353 0.2647550004199295 0.07910684740221222 0.059433349809719614
5 0.4498002134787014 0.6639989026245573 0.06153751785690744 0.03685801285158128