2 0.6020049450579028 0.5103099739922599 0.4406896742752515 0.30269779059146024
5 0.007719655633899636 0.6556734678878244 0.008403373340175152 0.10197193577564878
5 0.141467420857406 0.5549032632289831 0.06136474687674207 0.07663109905006031
5 0.25822469144366555 0.8898282191310198 0.08345791549465283 0.1152775192218769
5 0.3956656041096481 0.8724658994796016 0.32030445140261465 0.2550682010407968
5 0.6438379210537978 0.45158342718076316 0.16474427693097127 0.12578565128862387
5 0.6854471414905478 0.0859075175243962 0.08790906615858277 0.0748981806872661
2 0.6796567255049156 0.29882027532631233 0.3590942406302261 0.2390646585247131
5 0.3033992734149299 0.46576327736247725 0.14276019262201595 0.10588923111680729
5 0.22902442466803502 0.03230896822650865 0.048673849336070066 0.04316350180902231
5 0.19407076697202225 0.7365117893482649 0.06912270472226431 0.0676655348257091
5 0.8948878575274936 0.6451541220015234 0.07533634328594588 0.06174308344622812
5 0.6241127909761273 0.8199682570089466 0.158885162371395 0.19264560266810485
5 0.4607310261454044 0.6598894928754524 0.1303147347764936 0.1146091338757694
5 0.30312708352338846 0.5532223337849123 0.11468064441741399 0.11222776232447203