2 0.4071610783241935 0.5514723656628615 0.45556380194586943 0.32660477921769787
5 0.909908608359261 0.18067603936067236 0.07219437418757338 0.10903980925276531
5 0.8024524387153444 0.3334407548646734 0.06852390340856687 0.0777352621748646
5 0.5767903709411626 0.06786279910320028 0.09264324188232517 0.11720686525911972
5 0.45382620373287824 0.13756955275664823 0.33890240746575645 0.2652115373353728
5 0.39120088757695876 0.6214848567344078 0.17101370373287833 0.13263304220663663
5 0.48794879707131 0.9693205645277712 0.09651253571381488 0.06135887094445778
2 0.41500835470251757 0.7773217995102375 0.3700705868489054 0.26106950811437957
5 0.6901587646072013 0.4775298997518235 0.14881142126547414 0.11350121266133187
5 0.9195652154974105 0.8681351290522468 0.05764095048646709 0.08066934740221257
5 0.6897461128234877 0.18542422036867443 0.07148526217486459 0.0684148092527653
5 0.09611448416839212 0.5397949314117438 0.07927048863591427 0.06698867694751698
5 0.27498991192998334 0.2726870722384088 0.17681941882984215 0.19677736282348776
5 0.4795740462638265 0.359826382301953 0.13954551542127547 0.11958757142762995
5 0.6590666773512588 0.3965429525117669 0.12074096834337489 0.11613528896022585