2 0.52265625 0.39453125 0.22421875 0.403125
5 0.28046875 0.975 0.0984375 0.05
5 0.4015625 0.83203125 0.065625 0.053125
5 0.09765625 0.68203125 0.10078125 0.06875
5 0.11796875 0.55 0.2359375 0.28515625
5 0.5859375 0.3609375 0.096875 0.1484375
5 0.953125 0.3625 0.06953125 0.08046875
2 0.73984375 0.34453125 0.17734375 0.328125
5 0.51484375 0.68671875 0.08046875 0.12890625
5 0.9390625 0.80859375 0.0703125 0.0390625
5 0.23515625 0.7609375 0.05390625 0.06015625
5 0.4421875 0.09765625 0.04921875 0.0671875
5 0.2265625 0.33828125 0.1640625 0.13515625
5 0.3546875 0.51328125 0.090625 0.11640625
5 0.43046875 0.67734375 0.09140625 0.1