2 0.4902221155311838 0.5251472484181203 0.657149888096726 0.38702628222371727
5 0.8896658375553652 0.5926291610151633 0.1465687746106063 0.10440861827193722
5 0.6659840158351177 0.13879923338011496 0.13993834138279587 0.14462418249628844
5 0.7226084373844455 0.05155369742275211 0.1315348079967011 0.10310739484550421
5 0.9557655813536661 0.4565035532586757 0.08846883729266786 0.11782266508343398
5 0.8825577503957114 0.10632316881707946 0.08968227711788898 0.07958568068726608
5 0.4327646873844454 0.05634633876175336 0.08990959765100204 0.0873981806872661
5 0.29664298244902276 0.1378121019907364 0.08696645407749282 0.09348440637700657
5 0.699507501978557 0.7262206682512525 0.128000631037097 0.10967597241038014
5 0.6353373533904829 0.7796599287667021 0.07625627461060631 0.10072369629109837
5 0.9121378826199426 0.6657833779984765 0.09615959765100186 0.08772572930778502
5 0.9302213267348126 0.3729850463612708 0.08076191818411545 0.09471935775648754