2 0.5285592537124332 0.4315582110315713 0.23340545686356365 0.6524402734657618
5 0.7091446157379269 0.803723095415965 0.0726749515990063 0.141686242036905
5 0.1870974197962612 0.7294768554451985 0.11942268657189174 0.12254139988706055
5 0.10458438076504147 0.8170671316829706 0.1006635962128121 0.11988683674699843
5 0.7935054593184603 0.9354820586548491 0.15802157825883115 0.04512903142885669
5 0.595217950243274 0.9212584768871739 0.09582156010845858 0.0930513209619825
5 0.2154895436274157 0.9504040054734333 0.06292724687674198 0.07707771046687384
5 0.038329163451549395 0.526494610565696 0.07076701795398088 0.08222023677523324
5 0.0829972897185908 0.36613396323888425 0.07854315651766242 0.07642526308359247
5 0.7909223774453917 0.5740363244398647 0.08503859621281204 0.11897678413027979
5 0.8265376905789126 0.4930824560522481 0.08940793364502539 0.06456229991529554
5 0.7895906398402277 0.8029425744398647 0.06767837939029935 0.08828822625188941
5 0.4991923779363711 0.9151365504799929 0.08163179508134384 0.07035727360693614