2 0.54921875 0.465625 0.21640625 0.603125
5 0.72109375 0.82734375 0.0671875 0.1296875
5 0.22890625 0.72890625 0.11328125 0.11015625
5 0.1515625 0.80625 0.09375 0.1078125
5 0.80234375 0.96953125 0.1484375 0.0609375
5 0.6140625 0.94453125 0.090625 0.1109375
5 0.25703125 0.94140625 0.05859375 0.07578125
5 0.0875 0.528125 0.06640625 0.07421875
5 0.128125 0.3796875 0.0734375 0.06796875
5 0.796875 0.6140625 0.08046875 0.1078125
5 0.83046875 0.53984375 0.084375 0.05625
5 0.79765625 0.83046875 0.06328125 0.0796875
5 0.52421875 0.9203125 0.0765625 0.0625