2 0.53359375 0.465625 0.22734375 0.6109375
5 0.7234375 0.83984375 0.07734375 0.14609375
5 0.1765625 0.71953125 0.17890625 0.1578125
5 0.07890625 0.5515625 0.09375 0.08984375
5 0.0515625 0.4703125 0.07734375 0.028125
5 0.10859375 0.3953125 0.071875 0.07578125
5 0.79296875 0.96875 0.1515625 0.0625
5 0.54375 0.93046875 0.11328125 0.03828125
5 0.25546875 0.95546875 0.0453125 0.0890625
5 0.43671875 0.96953125 0.06015625 0.0609375
5 0.62265625 0.984375 0.04375 0.03125
5 0.56328125 0.85859375 0.06640625 0.05859375
5 0.70078125 0.71796875 0.084375 0.09296875
5 0.80703125 0.721875 0.08359375 0.04375
5 0.8203125 0.63359375 0.096875 0.059375
5 0.8109375 0.53359375 0.0921875 0.06875
5 0.7140625 0.49765625 0.05078125 0.0390625
5 0.63203125 0.56015625 0.05234375 0.06328125