2 0.4881032680617244 0.4687359089464085 0.3858702480903595 0.6766273138026889
5 0.20986282610594964 0.7863108877010145 0.11440904002227174 0.16733591567683312
5 0.7850537301081768 0.8194479289381611 0.22109539202736245 0.2079274749271754
5 0.9216622974219959 0.6797215023742684 0.11693405601527189 0.11586434389007838
5 0.9633834367043164 0.6052359794130149 0.07323312659136719 0.04754024122451135
5 0.9291464387332695 0.5174942870140045 0.09171588001272682 0.09638691818411545
5 0.11032699745381262 0.8904097028238518 0.16511701734563583 0.09539873119538171
5 0.3676855114576306 0.9260135483632826 0.1226567973424542 0.07073370031656907
5 0.6504712867997666 0.9892887866848001 0.06607953333863606 0.021422426630399727
5 0.4675496987984939 0.9772086723407506 0.07254770934118149 0.04558265531849877
5 0.2766156161282214 0.9522601481258558 0.05039998933799979 0.03582985141192587
5 0.36522303544713114 0.84862433425666 0.08212270401018137 0.07736413354437914
5 0.26085206675681405 0.6714276852728743 0.10913973734881743 0.11719952335696497
5 0.15434752808717783 0.646461126022532 0.09449543467536321 0.06679034639736088
5 0.16187767007476928 0.5553049286089567 0.11346361067790856 0.08608591567683313
5 0.195116336728179 0.4586488889546557 0.10886701734563578 0.09376202335696497
5 0.3004487267265882 0.4499989661516867 0.061537484006999675 0.053335600158284535
5 0.36703733740449673 0.5347209586298394 0.06807838534372675 0.07851745658477523