2 0.515179400647391 0.4430883429456249 0.35486513840164446 0.6734463025772479
5 0.7533254104960416 0.77830106739217 0.1065577006080222 0.16617827792830403
5 0.18125675091422108 0.774759903324789 0.2155162065395214 0.19995349163225704
5 0.06099728353746584 0.6267052628902988 0.11370435574121862 0.11198210085908258
5 0.032894777148856254 0.5507093289236723 0.06578955429771251 0.0449650192218769
5 0.07315106813787695 0.46235615784734463 0.08800401878308031 0.09348440637700665
5 0.8388079712567258 0.8806238059722091 0.16342051285158127 0.06937187697836436
5 0.5804224682909763 0.9081976865686183 0.12266817885919253 0.06411781094499105
5 0.28811029289182494 0.9648349474227522 0.05771434091247105 0.03888543758467122
5 0.4748927098880193 0.9534869323847468 0.06877917490485963 0.04258364767057934
5 0.6659633788613801 0.9325591994589171 0.04588550296574958 0.016437227498762752
5 0.5921359011045014 0.8311848072154046 0.07936384783255335 0.07276247060135788
5 0.7160402692030099 0.6601995205806732 0.10595552273741297 0.11313516508343398
5 0.8251751886706622 0.6412271132991554 0.09454317885919253 0.06264384215265544
5 0.8273372079480341 0.5499027504542852 0.11093218281352506 0.082212713703953
5 0.8063800622063779 0.4519941949363613 0.10656301779449713 0.08977955223856356
5 0.7025839001530993 0.4356056343300546 0.061348676882026255 0.05154921189493074
5 0.626776133841477 0.516757137043588 0.0654923488211363 0.07671298620519007