2 0.49296875 0.45703125 0.1546875 0.596875
5 0.209375 0.71875 0.09453125 0.09140625
5 0.1328125 0.80859375 0.109375 0.08046875
5 0.72109375 0.81953125 0.065625 0.1265625
5 0.59765625 0.93046875 0.07734375 0.1390625
5 0.509375 0.9296875 0.08984375 0.03984375
5 0.78203125 0.96484375 0.1359375 0.0703125
5 0.228125 0.93515625 0.10859375 0.0890625
5 0.7140625 0.48671875 0.07265625 0.04375
5 0.80390625 0.5234375 0.0984375 0.0703125
5 0.7984375 0.6140625 0.0515625 0.0578125
5 0.55625 0.834375 0.07578125 0.0515625
5 0.07265625 0.51953125 0.06484375 0.06640625