2 0.5254165636892527 0.4755889606779856 0.6328257233454352 0.28322430128986154
5 0.22155802912602257 0.2516306627096873 0.1139590237259962 0.115045731382639
5 0.12003929148331227 0.19545535752319432 0.10502969269935694 0.12576502583555565
5 0.19850791791041547 0.7790107803008679 0.14275518577927468 0.09386171561506948
5 0.07345147501968433 0.6813389593468054 0.14690295003936865 0.10665265634451408
5 0.055430374449936835 0.5934577528497916 0.06175985376405228 0.09822060087368065
5 0.06284764912733516 0.8711463417556249 0.09979836463846721 0.15061955547083344
5 0.03231113981015709 0.31631467781166667 0.06462227962031418 0.12674564437666672
5 0.5295297662372602 0.7002798361529509 0.059497016805913995 0.08099673328249998
5 0.5060829959713052 0.7968281810427079 0.09364652372599629 0.1145729526972918
5 0.4149804934998473 0.8106562513311802 0.07136034684397004 0.06566267401194459
5 0.1589718685184378 0.6191461242406943 0.0706891847906915 0.08750130642076392
5 0.3989693992016973 0.0734478452710066 0.08124468281352523 0.07838087955902787