2 0.54296875 0.481781968822449 0.60625 0.22001529452342386
5 0.30234375 0.7931491862363853 0.096875 0.10394735376405215
5 0.21796875 0.8786184540308823 0.0890625 0.11769151878308044
5 0.165625 0.2948137984033945 0.13125 0.08034802768032892
5 0.06796875 0.43004298566554394 0.1359375 0.09303902866891214
5 0.07109375 0.5174156516731552 0.046875 0.0956600098858317
5 0.028125 0.24885399406850092 0.05625 0.14291701186299816
5 0.08515625 0.7980926487074057 0.096875 0.11957235376405233
5 0.4984375 0.2648464782139891 0.0484375 0.07697367688202608
5 0.45546875 0.1798785706093349 0.0765625 0.1062446828135252
5 0.365625 0.19525817289051237 0.0609375 0.05873301285158128
5 0.1625 0.46056613239578326 0.05625 0.08041701186299796
5 0.51015625 0.9065564757425312 0.0703125 0.07317751482874754