2 0.5554745566120479 0.4186426322242312 0.3025304894175417 0.6289052161516867
2 0.16819908656909538 0.7238874440483629 0.10043744668999892 0.17473923871722902
5 0.0695830572883657 0.752136813011266 0.1391661145767314 0.179273626022532
5 0.03289103194622975 0.8362473885589443 0.0657820638924595 0.08811977711788863
5 0.1541991265515962 0.8524299811953815 0.13668293467536322 0.06801787727617317
5 0.7352304032065968 0.9437777098834805 0.09373291335136287 0.11244458023303885
5 0.6276173505331425 0.991800021245394 0.15038180800445425 0.016399957509212016
5 0.8200593892027788 0.9780037772824908 0.12252952800763595 0.04399244543501837
5 0.8692883245544596 0.8521360599752581 0.1430783853437269 0.08069973370266403
5 0.6920916672501857 0.6328451877136498 0.0683692866804538 0.10351745658477522
5 0.8182098192632304 0.5403885662434643 0.09157042934436319 0.08388691818411545
5 0.8873490759070952 0.7104259330947963 0.10118178668045381 0.10447220282385157
5 0.7243121792250504 0.8190016480593488 0.12382040268936265 0.17073370031656906
5 0.6587722792807297 0.4067995132613281 0.07256589067472703 0.06146634890464338