2 0.53203125 0.4017069716949771 0.2671875 0.5999618622324784
2 0.171875 0.7301551982715051 0.0890625 0.16665395407749273
5 0.07109375 0.7690251331486679 0.1421875 0.16819973370266403
5 0.03828125 0.8527923793877443 0.0765625 0.08191524122451135
5 0.16328125 0.8561865008579298 0.13125 0.06319398495630538
5 0.7328125 0.9091460839939625 0.084375 0.1415175617576246
5 0.62734375 0.9622149111909936 0.1421875 0.043199733702664035
5 0.81328125 0.9255546825028944 0.115625 0.0533643438900782
5 0.8546875 0.7915373836773935 0.1375 0.07275084138279589
5 0.67421875 0.5960072379923131 0.0625 0.09869356426490725
5 0.79140625 0.49572242999561206 0.084375 0.07901756175762494
5 0.86640625 0.6529151528777233 0.0953125 0.0980858105039836
5 0.7140625 0.7721916532734348 0.1109375 0.1610404515702104
5 0.63203125 0.3808285188711255 0.06875 0.05668792069139794