2 0.52109375 0.41015625 0.23125 0.5671875
2 0.18671875 0.73828125 0.0796875 0.15546875
5 0.078125 0.77890625 0.15546875 0.1515625
5 0.05703125 0.8609375 0.08359375 0.07265625
5 0.18515625 0.8609375 0.1234375 0.05078125
5 0.74296875 0.9171875 0.07421875 0.165625
5 0.64453125 0.96953125 0.1375 0.06015625
5 0.82265625 0.91328125 0.1109375 0.04296875
5 0.85546875 0.78203125 0.1296875 0.06015625
5 0.66953125 0.59609375 0.05625 0.0921875
5 0.77890625 0.4953125 0.08046875 0.06875
5 0.859375 0.646875 0.0875 0.0875
5 0.7171875 0.76640625 0.1015625 0.1484375
5 0.6171875 0.38671875 0.0640625 0.05078125